[Input Pairs]
10
2 7
7 4
4 2
1 7
1 4
10 4
5 2
2 6
5 6
6 10
10 1
9 1
1 8
3 1
3 8
9 8
9 3

[Adjacency Matrix]
0 0 1 1 0 0 1 1 1 1 
0 0 0 1 1 1 1 0 0 0 
1 0 0 0 0 0 0 1 1 0 
1 1 0 0 0 0 1 0 0 1 
0 1 0 0 0 1 0 0 0 0 
0 1 0 0 1 0 0 0 0 1 
1 1 0 1 0 0 0 0 0 0 
1 0 1 0 0 0 0 0 1 0 
1 0 1 0 0 0 0 1 0 0 
1 0 0 1 0 1 0 0 0 0 

[Adjacency Matrix]
1 0 1 1 0 0 1 1 1 1 
0 0 0 1 1 1 1 0 0 0 
1 0 0 0 0 0 0 1 1 0 
1 1 0 0 0 0 1 0 0 1 
0 1 0 0 0 1 0 0 0 0 
0 1 0 0 1 0 0 0 0 1 
1 1 0 1 0 0 0 0 0 0 
1 0 1 0 0 0 0 0 1 0 
1 0 1 0 0 0 0 1 0 0 
1 0 0 1 0 1 0 0 0 0 

[Adjacency Matrix]
1 0 1 1 0 0 1 1 1 1 
0 1 0 1 1 1 1 0 0 0 
1 0 0 0 0 0 0 1 1 0 
1 1 0 0 0 0 1 0 0 1 
0 1 0 0 0 1 0 0 0 0 
0 1 0 0 1 0 0 0 0 1 
1 1 0 1 0 0 0 0 0 0 
1 0 1 0 0 0 0 0 1 0 
1 0 1 0 0 0 0 1 0 0 
1 0 0 1 0 1 0 0 0 0 

[Adjacency Matrix]
1 0 1 1 0 0 1 1 1 1 
0 1 0 1 1 1 1 0 0 0 
1 0 2 0 0 0 0 1 1 0 
1 1 0 0 0 0 1 0 0 1 
0 1 0 0 0 1 0 0 0 0 
0 1 0 0 1 0 0 0 0 1 
1 1 0 1 0 0 0 0 0 0 
1 0 1 0 0 0 0 0 1 0 
1 0 1 0 0 0 0 1 0 0 
1 0 0 1 0 1 0 0 0 0 

[Adjacency Matrix]
1 0 1 1 0 0 1 1 1 1 
0 1 0 1 1 1 1 0 0 0 
1 0 2 0 0 0 0 1 1 0 
1 1 0 2 0 0 1 0 0 1 
0 1 0 0 0 1 0 0 0 0 
0 1 0 0 1 0 0 0 0 1 
1 1 0 1 0 0 0 0 0 0 
1 0 1 0 0 0 0 0 1 0 
1 0 1 0 0 0 0 1 0 0 
1 0 0 1 0 1 0 0 0 0 

[Adjacency Matrix]
1 0 1 1 0 0 1 1 1 1 
0 1 0 1 1 1 1 0 0 0 
1 0 2 0 0 0 0 1 1 0 
1 1 0 2 0 0 1 0 0 1 
0 1 0 0 2 1 0 0 0 0 
0 1 0 0 1 0 0 0 0 1 
1 1 0 1 0 0 0 0 0 0 
1 0 1 0 0 0 0 0 1 0 
1 0 1 0 0 0 0 1 0 0 
1 0 0 1 0 1 0 0 0 0 

[Adjacency Matrix]
1 0 1 1 0 0 1 1 1 1 
0 1 0 1 1 1 1 0 0 0 
1 0 2 0 0 0 0 1 1 0 
1 1 0 2 0 0 1 0 0 1 
0 1 0 0 2 1 0 0 0 0 
0 1 0 0 1 3 0 0 0 1 
1 1 0 1 0 0 0 0 0 0 
1 0 1 0 0 0 0 0 1 0 
1 0 1 0 0 0 0 1 0 0 
1 0 0 1 0 1 0 0 0 0 

[Adjacency Matrix]
1 0 1 1 0 0 1 1 1 1 
0 1 0 1 1 1 1 0 0 0 
1 0 2 0 0 0 0 1 1 0 
1 1 0 2 0 0 1 0 0 1 
0 1 0 0 2 1 0 0 0 0 
0 1 0 0 1 3 0 0 0 1 
1 1 0 1 0 0 3 0 0 0 
1 0 1 0 0 0 0 0 1 0 
1 0 1 0 0 0 0 1 0 0 
1 0 0 1 0 1 0 0 0 0 

[Adjacency Matrix]
1 0 1 1 0 0 1 1 1 1 
0 1 0 1 1 1 1 0 0 0 
1 0 2 0 0 0 0 1 1 0 
1 1 0 2 0 0 1 0 0 1 
0 1 0 0 2 1 0 0 0 0 
0 1 0 0 1 3 0 0 0 1 
1 1 0 1 0 0 3 0 0 0 
1 0 1 0 0 0 0 3 1 0 
1 0 1 0 0 0 0 1 0 0 
1 0 0 1 0 1 0 0 0 0 

[Adjacency Matrix]
1 0 1 1 0 0 1 1 1 1 
0 1 0 1 1 1 1 0 0 0 
1 0 2 0 0 0 0 1 1 0 
1 1 0 2 0 0 1 0 0 1 
0 1 0 0 2 1 0 0 0 0 
0 1 0 0 1 3 0 0 0 1 
1 1 0 1 0 0 3 0 0 0 
1 0 1 0 0 0 0 3 1 0 
1 0 1 0 0 0 0 1 4 0 
1 0 0 1 0 1 0 0 0 0 

[Adjacency Matrix]
1 0 1 1 0 0 1 1 1 1 
0 1 0 1 1 1 1 0 0 0 
1 0 2 0 0 0 0 1 1 0 
1 1 0 2 0 0 1 0 0 1 
0 1 0 0 2 1 0 0 0 0 
0 1 0 0 1 3 0 0 0 1 
1 1 0 1 0 0 3 0 0 0 
1 0 1 0 0 0 0 3 1 0 
1 0 1 0 0 0 0 1 4 0 
1 0 0 1 0 1 0 0 0 4 

Minimum Number of Colors Used: 4
[Adjacency Matrix]
1 0 1 1 0 0 1 1 1 1 
0 1 0 1 1 1 1 0 0 0 
1 0 2 0 0 0 0 1 1 0 
1 1 0 2 0 0 1 0 0 1 
0 1 0 0 2 1 0 0 0 0 
0 1 0 0 1 3 0 0 0 1 
1 1 0 1 0 0 3 0 0 0 
1 0 1 0 0 0 0 3 1 0 
1 0 1 0 0 0 0 1 4 0 
1 0 0 1 0 1 0 0 0 4 

