[Input Pairs]
8
1 2
4 1
2 4
5 2
2 6
3 4
3 5
5 4
4 7
5 6
7 5
8 5
3 1
6 8
7 8
1 5
2 3

[Adjacency Matrix]
0 1 1 1 1 0 0 0 
1 0 1 1 1 1 0 0 
1 1 0 1 1 0 0 0 
1 1 1 0 1 0 1 0 
1 1 1 1 0 1 1 1 
0 1 0 0 1 0 0 1 
0 0 0 1 1 0 0 1 
0 0 0 0 1 1 1 0 

[Adjacency Matrix]
1 1 1 1 1 0 0 0 
1 0 1 1 1 1 0 0 
1 1 0 1 1 0 0 0 
1 1 1 0 1 0 1 0 
1 1 1 1 0 1 1 1 
0 1 0 0 1 0 0 1 
0 0 0 1 1 0 0 1 
0 0 0 0 1 1 1 0 

[Adjacency Matrix]
1 1 1 1 1 0 0 0 
1 2 1 1 1 1 0 0 
1 1 0 1 1 0 0 0 
1 1 1 0 1 0 1 0 
1 1 1 1 0 1 1 1 
0 1 0 0 1 0 0 1 
0 0 0 1 1 0 0 1 
0 0 0 0 1 1 1 0 

[Adjacency Matrix]
1 1 1 1 1 0 0 0 
1 2 1 1 1 1 0 0 
1 1 3 1 1 0 0 0 
1 1 1 0 1 0 1 0 
1 1 1 1 0 1 1 1 
0 1 0 0 1 0 0 1 
0 0 0 1 1 0 0 1 
0 0 0 0 1 1 1 0 

[Adjacency Matrix]
1 1 1 1 1 0 0 0 
1 2 1 1 1 1 0 0 
1 1 3 1 1 0 0 0 
1 1 1 4 1 0 1 0 
1 1 1 1 0 1 1 1 
0 1 0 0 1 0 0 1 
0 0 0 1 1 0 0 1 
0 0 0 0 1 1 1 0 

[Adjacency Matrix]
1 1 1 1 1 0 0 0 
1 2 1 1 1 1 0 0 
1 1 3 1 1 0 0 0 
1 1 1 4 1 0 1 0 
1 1 1 1 5 1 1 1 
0 1 0 0 1 0 0 1 
0 0 0 1 1 0 0 1 
0 0 0 0 1 1 1 0 

[Adjacency Matrix]
1 1 1 1 1 0 0 0 
1 2 1 1 1 1 0 0 
1 1 3 1 1 0 0 0 
1 1 1 4 1 0 1 0 
1 1 1 1 5 1 1 1 
0 1 0 0 1 4 0 1 
0 0 0 1 1 0 0 1 
0 0 0 0 1 1 1 0 

[Adjacency Matrix]
1 1 1 1 1 0 0 0 
1 2 1 1 1 1 0 0 
1 1 3 1 1 0 0 0 
1 1 1 4 1 0 1 0 
1 1 1 1 5 1 1 1 
0 1 0 0 1 4 0 1 
0 0 0 1 1 0 3 1 
0 0 0 0 1 1 1 0 

[Adjacency Matrix]
1 1 1 1 1 0 0 0 
1 2 1 1 1 1 0 0 
1 1 3 1 1 0 0 0 
1 1 1 4 1 0 1 0 
1 1 1 1 5 1 1 1 
0 1 0 0 1 4 0 1 
0 0 0 1 1 0 3 1 
0 0 0 0 1 1 1 2 

Minimum Number of Colors Used: 5
[Adjacency Matrix]
1 1 1 1 1 0 0 0 
1 2 1 1 1 1 0 0 
1 1 3 1 1 0 0 0 
1 1 1 4 1 0 1 0 
1 1 1 1 5 1 1 1 
0 1 0 0 1 4 0 1 
0 0 0 1 1 0 3 1 
0 0 0 0 1 1 1 2 

